756894700413124669 989
756896304696918077 1213
756896832306675813 1189
756897278303666299 1407
528913861571641354 1140
334007303810449410 1173
756937282035908739 1354
756937669199790151 1354
681616412707782678 1152
710836064092422164 1630
523215692749602836 1400
105367971135787008 1450
445130389850423306 1501
88347018560278528 1340
541305723229962250 1069
109043843982168064 1200
550098642871255068 1611
569732775679229952 1175
119170727696924675 1000
577971615376343041 1273
409806720353697793 1530
662400216992972861 1358
191243017284354048 1446
